const portfolio = [
  // =========================
  // Weddings
  // =========================

  {
    id: 1,
    title: "Royal Maratha Wedding",
    slug: "royal-maratha-wedding",
    discipline: "weddings",
    location: "Pune, India",
    year: "2025",

    cover:
      "https://images.unsplash.com/photo-1519741497674-611481863552?w=1600&q=80",

    description:
      "A documentary wedding story capturing emotion, family moments and timeless traditions through a fine art approach.",

    gallery: [
      "https://images.unsplash.com/photo-1519741497674-611481863552?w=1600&q=80",
      "https://images.unsplash.com/photo-1520854221256-17451cc331bf?w=1600&q=80",
      "https://images.unsplash.com/photo-1511285560929-80b456fea0bc?w=1600&q=80",
    ],
  },

  {
    id: 2,
    title: "Vineyard Wedding",
    slug: "vineyard-wedding",
    discipline: "weddings",
    location: "Nashik, India",
    year: "2025",

    cover:
      "https://images.unsplash.com/photo-1520854221256-17451cc331bf?w=1600&q=80",

    description:
      "An intimate destination wedding surrounded by vineyards and golden evening light.",

    gallery: [
      "https://images.unsplash.com/photo-1520854221256-17451cc331bf?w=1600&q=80",
      "https://images.unsplash.com/photo-1519741497674-611481863552?w=1600&q=80",
      "https://images.unsplash.com/photo-1511285560929-80b456fea0bc?w=1600&q=80",
    ],
  },

  // =========================
  // Portraits
  // =========================

  {
    id: 3,
    title: "Executive Portrait Session",
    slug: "executive-portrait-session",
    discipline: "portraits",
    location: "Mumbai, India",
    year: "2025",

    cover:
      "https://images.unsplash.com/photo-1500648767791-00dcc994a43e?w=1600&q=80",

    description:
      "Professional portraits designed for modern executives and personal branding.",

    gallery: [
      "https://images.unsplash.com/photo-1500648767791-00dcc994a43e?w=1600&q=80",
      "https://images.unsplash.com/photo-1494790108377-be9c29b29330?w=1600&q=80",
      "https://images.unsplash.com/photo-1506794778202-cad84cf45f1d?w=1600&q=80",
    ],
  },

  {
    id: 4,
    title: "Creative Portrait Series",
    slug: "creative-portrait-series",
    discipline: "portraits",
    location: "Pune, India",
    year: "2025",

    cover:
      "https://images.unsplash.com/photo-1494790108377-be9c29b29330?w=1600&q=80",

    description:
      "A personal portrait project exploring mood, light and identity.",

    gallery: [
      "https://images.unsplash.com/photo-1494790108377-be9c29b29330?w=1600&q=80",
      "https://images.unsplash.com/photo-1500648767791-00dcc994a43e?w=1600&q=80",
      "https://images.unsplash.com/photo-1506794778202-cad84cf45f1d?w=1600&q=80",
    ],
  },

  // =========================
  // Events
  // =========================

  {
    id: 5,
    title: "Tech Conference Pune",
    slug: "tech-conference-pune",
    discipline: "events",
    location: "Pune, India",
    year: "2025",

    cover:
      "https://images.unsplash.com/photo-1511578314322-379afb476865?w=1600&q=80",

    description:
      "Coverage of keynote sessions, networking and behind-the-scenes moments from a major technology conference.",

    gallery: [
      "https://images.unsplash.com/photo-1511578314322-379afb476865?w=1600&q=80",
      "https://images.unsplash.com/photo-1505373877841-8d25f7d46678?w=1600&q=80",
      "https://images.unsplash.com/photo-1515169067868-5387ec356754?w=1600&q=80",
    ],
  },

  {
    id: 6,
    title: "Corporate Annual Meet",
    slug: "corporate-annual-meet",
    discipline: "events",
    location: "Mumbai, India",
    year: "2025",

    cover:
      "https://images.unsplash.com/photo-1505373877841-8d25f7d46678?w=1600&q=80",

    description:
      "Professional event coverage for a large-scale corporate annual gathering.",

    gallery: [
      "https://images.unsplash.com/photo-1505373877841-8d25f7d46678?w=1600&q=80",
      "https://images.unsplash.com/photo-1511578314322-379afb476865?w=1600&q=80",
      "https://images.unsplash.com/photo-1515169067868-5387ec356754?w=1600&q=80",
    ],
  },

  // =========================
  // Industrial
  // =========================

  {
    id: 7,
    title: "Tata Manufacturing Facility",
    slug: "tata-manufacturing-facility",
    discipline: "industrial",
    location: "Pune, India",
    year: "2025",

    cover:
      "https://images.unsplash.com/photo-1517048676732-d65bc937f952?w=1600&q=80",

    description:
      "Industrial documentation for a large manufacturing facility focusing on machinery, workflow and the people behind production.",

    gallery: [
      "https://images.unsplash.com/photo-1517048676732-d65bc937f952?w=1600&q=80",
      "https://images.unsplash.com/photo-1565008447742-97f6f38c985c?w=1600&q=80",
      "https://images.unsplash.com/photo-1520607162513-77705c0f0d4a?w=1600&q=80",
    ],
  },

  {
    id: 8,
    title: "Automotive Assembly Line",
    slug: "automotive-assembly-line",
    discipline: "industrial",
    location: "Chakan, India",
    year: "2025",

    cover:
      "https://images.unsplash.com/photo-1565008447742-97f6f38c985c?w=1600&q=80",

    description:
      "Visual storytelling from the heart of modern automotive manufacturing.",

    gallery: [
      "https://images.unsplash.com/photo-1565008447742-97f6f38c985c?w=1600&q=80",
      "https://images.unsplash.com/photo-1517048676732-d65bc937f952?w=1600&q=80",
      "https://images.unsplash.com/photo-1520607162513-77705c0f0d4a?w=1600&q=80",
    ],
  },

  // =========================
  // Food & Beverage
  // =========================

  {
    id: 9,
    title: "Marriott Signature Menu",
    slug: "marriott-signature-menu",
    discipline: "food-beverage",
    location: "Pune, India",
    year: "2025",

    cover:
      "https://images.unsplash.com/photo-1504674900247-0877df9cc836?w=1600&q=80",

    description:
      "Editorial food photography created for luxury hospitality brands.",

    gallery: [
      "https://images.unsplash.com/photo-1504674900247-0877df9cc836?w=1600&q=80",
      "https://images.unsplash.com/photo-1495474472287-4d71bcdd2085?w=1600&q=80",
      "https://images.unsplash.com/photo-1482049016688-2d3e1b311543?w=1600&q=80",
    ],
  },

  {
    id: 10,
    title: "Artisan Coffee Campaign",
    slug: "artisan-coffee-campaign",
    discipline: "food-beverage",
    location: "Mumbai, India",
    year: "2025",

    cover:
      "https://images.unsplash.com/photo-1495474472287-4d71bcdd2085?w=1600&q=80",

    description:
      "Commercial campaign imagery for specialty coffee brands.",

    gallery: [
      "https://images.unsplash.com/photo-1495474472287-4d71bcdd2085?w=1600&q=80",
      "https://images.unsplash.com/photo-1504674900247-0877df9cc836?w=1600&q=80",
      "https://images.unsplash.com/photo-1482049016688-2d3e1b311543?w=1600&q=80",
    ],
  },

  // =========================
  // Editorial
  // =========================

  {
    id: 11,
    title: "Monsoon Editorial",
    slug: "monsoon-editorial",
    discipline: "editorial",
    location: "Pune, India",
    year: "2025",

    cover:
      "https://images.unsplash.com/photo-1492691527719-9d1e07e534b4?w=1600&q=80",

    description:
      "A fashion editorial inspired by monsoon textures and light.",

    gallery: [
      "https://images.unsplash.com/photo-1492691527719-9d1e07e534b4?w=1600&q=80",
      "https://images.unsplash.com/photo-1487412720507-e7ab37603c6f?w=1600&q=80",
      "https://images.unsplash.com/photo-1494790108377-be9c29b29330?w=1600&q=80",
    ],
  },

  {
    id: 12,
    title: "Heritage Pune Story",
    slug: "heritage-pune-story",
    discipline: "editorial",
    location: "Pune, India",
    year: "2025",

    cover:
      "https://images.unsplash.com/photo-1487412720507-e7ab37603c6f?w=1600&q=80",

    description:
      "An editorial exploration of architecture, culture and heritage in Pune.",

    gallery: [
      "https://images.unsplash.com/photo-1487412720507-e7ab37603c6f?w=1600&q=80",
      "https://images.unsplash.com/photo-1492691527719-9d1e07e534b4?w=1600&q=80",
      "https://images.unsplash.com/photo-1494790108377-be9c29b29330?w=1600&q=80",
    ],
  },
];

export default portfolio;